# unix_time, cycles_done, cur_path, paths_total, pending_total, pending_favs, map_size, unique_crashes, unique_hangs, max_depth, execs_per_sec
1524880440, 0, 0, 1, 1, 1, 0.08%, 0, 0, 1, 727.27
1524880445, 0, 0, 177, 177, 1, 0.62%, 0, 0, 2, 1349.79
1524880450, 0, 0, 223, 223, 1, 0.76%, 0, 0, 2, 1490.16
1524880455, 0, 0, 255, 255, 1, 0.78%, 0, 0, 2, 1539.28
1524880460, 0, 0, 272, 272, 1, 0.82%, 0, 0, 2, 1529.47
1524880465, 0, 30, 281, 279, 66, 0.83%, 0, 0, 3, 1571.62
1524880470, 0, 69, 302, 299, 65, 0.88%, 0, 0, 3, 1574.39
1524880476, 0, 69, 313, 310, 65, 0.89%, 0, 0, 3, 1511.09
1524880481, 0, 69, 327, 324, 65, 0.89%, 0, 0, 3, 1544.79
1524880486, 0, 69, 343, 340, 65, 0.91%, 0, 0, 3, 1558.24
1524880491, 0, 79, 350, 345, 70, 0.91%, 0, 0, 3, 1559.43
1524880496, 0, 79, 365, 360, 70, 0.92%, 0, 0, 3, 1557.65
1524880501, 0, 79, 372, 367, 70, 0.92%, 0, 0, 3, 1521.87
1524880506, 0, 79, 378, 373, 70, 0.93%, 0, 0, 3, 1558.64
1524880512, 0, 79, 382, 377, 70, 0.93%, 0, 0, 3, 1557.63
1524880517, 0, 83, 387, 380, 72, 0.93%, 0, 0, 3, 1542.88
1524880522, 0, 83, 391, 384, 72, 0.93%, 0, 0, 3, 1534.10
1524880527, 0, 83, 397, 390, 72, 0.94%, 0, 0, 3, 1562.62
1524880532, 0, 83, 399, 392, 72, 0.94%, 0, 0, 3, 1562.47
1524880537, 0, 97, 399, 391, 71, 0.94%, 0, 0, 3, 1571.07
1524880542, 0, 97, 406, 398, 71, 0.94%, 0, 0, 3, 1549.50
1524880548, 0, 97, 415, 407, 71, 0.94%, 0, 0, 3, 1549.48
1524880553, 0, 97, 426, 418, 71, 0.95%, 0, 0, 3, 1556.89
1524880558, 0, 99, 428, 419, 74, 0.95%, 0, 0, 3, 1565.42
1524880563, 0, 107, 430, 418, 73, 0.95%, 0, 0, 3, 1538.78
1524880568, 0, 117, 433, 420, 74, 0.95%, 0, 0, 3, 1489.64
1524880573, 0, 117, 435, 422, 74, 0.96%, 0, 0, 3, 1507.82
1524880578, 0, 117, 439, 426, 74, 0.96%, 0, 0, 3, 1571.11
1524880584, 0, 117, 441, 428, 74, 0.99%, 0, 0, 3, 1575.13
1524880589, 0, 131, 442, 428, 75, 1.00%, 0, 0, 3, 1588.49
1524880594, 0, 131, 448, 434, 75, 1.00%, 0, 0, 3, 1573.02
1524880599, 0, 131, 454, 440, 75, 1.01%, 0, 0, 3, 1556.63
1524880604, 0, 131, 457, 443, 75, 1.02%, 0, 0, 3, 1558.80
1524880609, 0, 131, 461, 447, 75, 1.03%, 1, 0, 3, 1545.56
1524880615, 0, 153, 465, 449, 80, 1.04%, 1, 0, 3, 1510.02
1524880620, 0, 153, 467, 451, 80, 1.05%, 1, 0, 3, 1490.27
1524880625, 0, 153, 472, 456, 80, 1.05%, 1, 0, 3, 1459.41
1524880630, 0, 153, 477, 461, 80, 1.05%, 1, 0, 3, 1468.67
1524880635, 0, 170, 482, 465, 80, 1.05%, 1, 0, 3, 1492.99
1524880640, 0, 170, 486, 469, 80, 1.05%, 1, 0, 3, 1521.42
1524880645, 0, 170, 488, 471, 80, 1.05%, 1, 0, 3, 1571.98
1524880651, 0, 170, 489, 472, 80, 1.05%, 1, 0, 3, 1553.57
1524880656, 0, 170, 491, 474, 80, 1.05%, 1, 0, 3, 1440.63
1524880661, 0, 172, 494, 476, 79, 1.05%, 1, 0, 3, 1494.87
1524880666, 0, 176, 496, 477, 78, 1.05%, 1, 0, 3, 1295.20
1524880671, 0, 176, 507, 488, 78, 1.05%, 1, 0, 3, 1432.33
1524880676, 0, 176, 516, 497, 78, 1.06%, 1, 0, 3, 1408.85
1524880681, 0, 176, 519, 500, 78, 1.06%, 1, 0, 3, 1390.88
1524880687, 0, 176, 520, 501, 78, 1.06%, 1, 0, 3, 1419.44
1524880692, 0, 190, 522, 502, 81, 1.06%, 1, 0, 3, 1475.75
1524880697, 0, 192, 525, 504, 80, 1.07%, 1, 0, 3, 1396.14
1524880702, 0, 192, 536, 515, 80, 1.08%, 1, 0, 3, 1420.78
1524880707, 0, 192, 553, 532, 80, 1.08%, 1, 0, 3, 1395.02
1524880712, 0, 192, 572, 551, 80, 1.11%, 1, 0, 3, 1422.50
1524880717, 0, 192, 578, 557, 80, 1.11%, 1, 0, 3, 1461.35
1524880723, 0, 203, 584, 562, 92, 1.12%, 1, 0, 3, 1502.25
1524880728, 0, 203, 592, 570, 92, 1.12%, 1, 0, 3, 1458.58
1524880733, 0, 203, 600, 578, 92, 1.14%, 1, 0, 3, 1446.24
1524880738, 0, 203, 608, 586, 92, 1.14%, 1, 0, 3, 1459.68
1524880743, 0, 211, 608, 585, 100, 1.14%, 1, 0, 3, 1430.34
1524880748, 0, 211, 612, 589, 100, 1.14%, 1, 0, 3, 1434.13
1524880753, 0, 211, 617, 594, 100, 1.14%, 1, 0, 3, 1406.36
1524880759, 0, 211, 619, 596, 100, 1.14%, 1, 0, 3, 1423.69
1524880764, 0, 216, 620, 595, 99, 1.14%, 1, 0, 3, 1434.48
1524880769, 0, 217, 625, 599, 98, 1.14%, 1, 0, 3, 1431.85
1524880774, 0, 217, 627, 601, 98, 1.14%, 1, 0, 3, 1425.96
1524880779, 0, 217, 628, 602, 98, 1.14%, 1, 0, 3, 1405.21
1524880784, 0, 217, 629, 603, 98, 1.14%, 1, 0, 3, 1338.74
1524880789, 0, 232, 629, 601, 96, 1.14%, 1, 0, 3, 1384.38
1524880795, 0, 258, 629, 599, 94, 1.14%, 1, 0, 3, 1359.87
1524880800, 0, 258, 634, 604, 94, 1.14%, 1, 0, 3, 1382.51
1524880805, 0, 258, 640, 610, 94, 1.14%, 1, 0, 3, 1250.71
1524880810, 0, 258, 643, 613, 94, 1.15%, 1, 0, 3, 1336.14
1524880815, 0, 258, 644, 614, 94, 1.15%, 1, 0, 3, 1373.33
1524880820, 0, 262, 647, 615, 95, 1.15%, 1, 0, 3, 1383.84
1524880826, 0, 262, 653, 621, 95, 1.15%, 1, 0, 3, 1409.22
1524880831, 0, 262, 662, 630, 95, 1.16%, 1, 0, 3, 1388.74
1524880836, 0, 262, 665, 633, 95, 1.16%, 1, 0, 3, 1238.08
1524880841, 0, 262, 668, 636, 95, 1.16%, 1, 0, 3, 1344.53
1524880846, 0, 266, 670, 637, 97, 1.16%, 1, 0, 3, 1419.13
1524880851, 0, 271, 671, 636, 95, 1.16%, 1, 0, 3, 1459.20
1524880856, 0, 275, 671, 635, 94, 1.16%, 1, 0, 3, 1459.33
1524880861, 0, 275, 682, 646, 94, 1.16%, 1, 0, 3, 1290.70
1524880866, 0, 275, 690, 654, 94, 1.16%, 1, 0, 3, 1427.18
1524880872, 0, 275, 696, 660, 94, 1.16%, 1, 0, 3, 1427.98
1524880877, 0, 279, 698, 661, 94, 1.16%, 1, 0, 3, 1469.25
1524880882, 0, 287, 699, 660, 92, 1.16%, 1, 0, 4, 1467.19
1524880887, 0, 287, 702, 663, 92, 1.16%, 1, 0, 4, 1448.53
1524880892, 0, 287, 703, 664, 92, 1.16%, 1, 0, 4, 1241.13
1524880897, 0, 287, 705, 666, 92, 1.16%, 1, 0, 4, 1238.16
1524880902, 0, 287, 706, 667, 92, 1.16%, 1, 0, 4, 1014.01
1524880907, 0, 295, 706, 666, 92, 1.16%, 1, 0, 4, 818.47
1524880913, 0, 301, 724, 683, 91, 1.21%, 1, 0, 4, 822.19
1524880918, 0, 301, 725, 684, 91, 1.21%, 1, 0, 4, 1033.86
1524880928, 0, 301, 747, 706, 91, 1.24%, 2, 0, 4, 932.89
1524880933, 0, 301, 750, 709, 91, 1.24%, 2, 0, 4, 677.46
1524880938, 0, 301, 753, 712, 91, 1.25%, 3, 0, 4, 886.82
1524880943, 0, 301, 758, 717, 91, 1.26%, 5, 0, 4, 775.45
1524880948, 0, 301, 758, 717, 91, 1.26%, 7, 0, 4, 670.04
1524880953, 0, 301, 760, 719, 91, 1.26%, 8, 0, 4, 794.58
1524880958, 0, 322, 763, 721, 112, 1.28%, 8, 0, 4, 860.59
